$ANSIBLE_VAULT;1.1;AES256
63373538383964646232613261306638616165376562336232663435346434653161376231393264
6663373738646533663361363166396662313936633238370a363339643738663466633336326332
62326263306531613732376162666562396564326138616361653962346563353737346466326238
6635306130333761360a623561363332393265333761323338346564353365326632333338343839
32633064373932363336356561396538373438383863376563316235616261336637633234633134
39623438333035376461306365356538313432376336613965613736366161346461336233323666
64363534666431373534373432306362626436343662303163356265333835633534363133363039
37663065323338653337366364306236326163613230633531613635626136633239343139336537
66646436373463306134666563323935613132303838313132633538383164626334383263386630
64646166663361636334613238326333353730646538303739356164366261363434653166656336
65393032306334626132646436363339396538363437363335623564386532643565613030396339
61323434626466306231383863386362303563393462623366326564343137613565393330336461
35346465386664316366666665373937646135333261386166326335626438663165633338386430
66303030323230633664333637363931303061643934326535333166646566636263346433393663
36653064333834333130396164353435366165303233363461343163353166313739326166383462
61636331366666353462363735353137373635653032666438303432663736393932386632303038
36303934656461303063306235383337666231393930643763343539323539333634313135643032
39633636363534343134646431303664303638383766393766363065646636386631376332613535
32633230313163656132613037383966663765333836346266636437343738663265613838393763
37356262393763313539313730646334633964353139376534363233663165376535623839636463
39326466363037373163333437646230386636646562653830636664626434353466313734396563
38376137343237663832363534356135393238666434613564633033333133373764663462373965
66356439626462663262336633646364303835383439663636666663323334356534656434373062
61383665646164343435383961326432376439663565663331353139643665343032393236613063
64383835336431626666656333633038356434643538613361373934326134356333646337316134
34333031393662626631336263386132643164383233633164623661643761636630316330663135
63323533363535633931306462313639323236316439663836313331336136393866343131636637
32643666393730616231323338386366313932663034663931613732646632653263313334656530
64353262303164613136383265356263613165356565326463303338303132653136626463343861
34386635663436333762383435343337323134356133393964313531653231376561333037363339
33323434653934633239626433313261356132313935646164666231386332663064353762636265
65333332383838333932323661323239656431313534653430613865633333303633646438363235
31376432663539613834656366376161386161333537613739653637373134323133386335616136
66616436353666653266393665353431653735376438313261643063303565636236346364626636
37643635326333303231333737333932366463363264346563633336333235613163316364623161
33316166393962653266656465333135653566353435356232303066346539643632303032373465
61623565313138323365326164383066343764373632303034346539353064316632366239616432
64666332623265383262306335393062313835393139373134343566363764623665663237376163
66353332646461306639663933653233623338633434346135643161356236613566343862633464
35356539646631373138326233373666316437666636636136343662323436323935613661336331
38393462616164353764366437303236373362363633333063336634356664613834386537666235
37316165383637613038316662633930623536303438373039636337303465613532656537653963
61373632643235663735373338306362633535346466336538316436613064636138356231643162
64666133373639356437633430346633373838646438336634633235336464376532336365383237
31383933366434336435313835633962636166646163356361333161623139383366623833633062
34653262366233306562633464303038363361393639636432386631643462346661653736333934
66316333313661353835393234393661303964343335333735326261356539633139343437346636
30393936363433303836336231303339343034306330646166633436323765353631366137653531
33346634346166623234373966393666303039346665363035333538343138356631623362363265
63383830303432396365343938613363323031643563653730653838303536333363626131303731
64356330663038636362316662376365616436663335633433386263613361333763396361333034
63323938306562333334643161356230303933323238353037353865363933626433656330313433
33646161666631633239333534626334363937346263376630336666613230336161366133613932
39383161643863306436346665356136386261363666656137343732323935326531386666343936
33346264376461353065626238386130653238326666383739623663343762333664393037643335
32323739656162323132363065316564623537393636356336336439636263333835373562623636
34623437373637386132663961356161326337616239663730323665653235396333303839613461
66386539616562396430626130303763323265303435613163383239376435663634373764366561
66373031396437613731613437306562656563393634343232363230303737346266343238613038
30623236336566656633363838376430386138613234626165383630376238356639376163613938
33373166646665616537656334323135343535336335323361353430346132653637336436383262
62383334663538326334393864373131666163616261663730643236613436666162653835356330
39306235306631323363663734363937323739396365636439383362396262306663643033323030
38343639313435323131633336316133303262373038336631363632356431393662623063376365
65653235383038656361343337616564396535393539666433653639306430626339666638376632
63386435363930656535386163316162326161343839343137356461653361396332366332323836
62666532356261346164613562313632623164373139666664316166366635636431363163626433
34393732306536633534326265646333356434333838393663313463643061623138353730666138
66643132633936653735316365653239643235303334383430633063636533616534633931336163
30373238306262336131373539393831643963646233333533623339353031353137356365306362
39396138383766666537373037633765633532633563343965326438393634323234613239383138
36316461336535356631306562623335353764626234353434313839356162613332343865373733
32613933343931383432666236663763313532343931333865323930626162323532323938373636
36373963396337363130636231396462363965383565653536613062626237613363353838653964
63303033303335343937663235616337356663306262303734303236333836383061363862363335
34396165653861663039336464393931663431663064383436326439613038663935323864316330
32653433656435353864616662393562386562383130303138663939663463656334633830623762
63363862396639623431653764386434383162323564366361623863643530653864613361653634
39353534653336623738383839366436346535316562383863663532616466326666623361363363
36306432346561326331363831376132316233616231316164646361613636366435316263663238
39393066373064366430613435333332303363336661653238643964383236316139356339343138
32306237633063656333396163363862323635393162336661663338643164303037303861616630
38616164613762333935376266336633633962626431636631373532663031653631666431653766
39373761353034323836623664303137303332303130643436616635633266303130316231666139
35636235623431323231316166363539306366393265666137343735346262666230623734306636
36653337343836316266316638346661656562393637656334396561643437363361363731343739
62383330636464613833333930326130393237373139666631666137663065613332643838626130
63373130373962613262393531303833656662393063363535346562633535663638653962636135
63323833376665653664363637356235626364386538643134363162646162623938393866356139
36393636336530306162626663613531353566616566326131616538653332313063663766633030
37333761623563386261346236366639633737313132653365643862303965316661313136373238
32663932626663366539393464396133343661643935626664383435636332333039643661633637
65353261656235376335333230623764613862363034636332666234663033383736313836376534
37366631626635653262616536613338663564353832333339646636623864306266313438373065
35396435363730353664613863313664313963326463316266656136363230373565353965663061
33653830303832336639303335356139333261333735386633663432663931663264366536323962
35643534363239373066386634343133633338333731373534323334353235643834663430303333
30386431313562383734343434336266323038646235373237376434356663623437326538383061
63333136613933663664353339323938313732303131393761306437383238326464623365336561
61633535616230316434643633373036373434373135373338333337386330646339323430633638
66633532626232336239636566393135396266656632306430633566613232343134656166386636
30366133633964303530356133326339393862393437393233363831336166613636626635373231
34343630363837316363326464336532643639653764303865633339353963306665373663336362
35363830646536656461376563373462343761313564383233333739643236653737653263616661
30303732653064323738666238626535623734346366363139316336666639333737366661353032
62366363333962633263633736666664366233366639353437313062626330373638386239306434
62636535653564626535343838376566633566633565663662623034656365333865626662373263
32303937376131343163356132353561353838343836616639656664353236626164633038383431
30383539663835383563613239316565646638643166636236666535613233373031396639326638
63393465323439613431333863333464383838393033353161356331326639353865313961386431
64653438353861653338326566623332306132663761386165383333633865653338646566633766
63356463323638303838343533666363613265346532613066306663306233383565666533376632
64646137343332313536326438333363643439356666383639306563313562316461633565363230
33373765393134666465363734306131346630366538386337386261336631616566353231323363
66353236316661656166613230656438313737303137653133633532353564333730656331396538
33343536363435313238663964386564656330633136393533323830306465303863653238616235
34656166353263623636626466346639343038376330323766616436303534343161656635643332
64366166643765346163383435363637663539363331613230323665373463393032656266633837
64393963333138613239653935616532326137306465646130356261363663326237383635656262
36366161373135333261393065653131373136616130353532313034346664326131373764366161
62303232343134636438303536653139643963336637666233336236383731666661333933323530
61616435373861643130656437646437616462313733386334333466396132346263333037346663
63373664616331623431656334393230643530336561653930346163393531656136616366643336
39663235393231336165656439326539386136666636653437643362313133643863346265373761
33656438346237666230623634333238356239306536383937613838656439323937336334323539
32363261363362393830623136393839356536643965626130386531383430626337326161666238
39636238393330633031313739373738666233396264356264336364323061303032383635396133
61643264323438616432323063376338613162393735386133363566333864323537663835666132
61653434353336346364313039616463623136663132643235346165616138316462303463313835
34373437633636633938346566626534363731656433376230393631376131306135396238323336
61616463306561646465363535633436633161646535346565313539613133373666643830616333
61636565303738343463633537326462303639613066623839363062373861353034613563646462
65386364366362343434616631346435323735346338353639646237643064646339393430343461
65306436663033343765323266656362663865313761323839326663386230653865393338383935
31396434383031663364313539346636643962376639666431376435636130326431663634363436
33623466353935376334303636353266326135653234613438313130393862303837626162613835
35653933363062386262383435656133313131366533323066653466633266636664306362396462
66646564376235663665393563353736643135663331356637666439303662316464653564303232
30303331626365346362366236623665363166363931396333303530313233353866353931323866
36346338373666376166303762353633393062653165373464346364623738633263313161366532
30303162356339373265373331333566343130343830326266643338643332356337313665666539
30353531633738383733616336376163663831613863343036363336326231306630343165316266
35613032313265666664323462396263383864326332363233636561393930363735336333626466
63653235623161393664333361313038316437633563313832333834373334343738366339313235
32646161663735366161353339666162333761643366656430366639626436386366313931363138
30356636623365363833643932313566346162656335616161373262646661316165313439386336
65653364666437333731653331363964626464323133633938643162633165383236323534376363
33346636663935373230643462346463376532333365316362353334616234343635393565613937
66616633396531383433643530616230663761346630623635383561336632656163623563623536
31386438393236356162633634636566636332303339636131383364666462383835343164633935
36356464633036393265663763313537616165373833376438656164373438326264363231356266
64306535313131353466343335373463396636393434333231386435303933313365356334663764
36646332353163376433373631353538363663626436653330353066386361656465633266383864
32356561323861663538383830306164633336366137383666636465333464316134646433383739
32313831356631616464323664646437383663633839333163323261366330663130343266356165
32326562343639613333376261616430623166313230376430363365616439346563346232643062
36313531666261326466633963336462363537633238313961633532623130323764353063343662
61653838633635636333626639313137306162666335623038323065303061303630313234643136
63383663636533636435346434303661666536303861346634363264616538323962313633616463
35663361396539376636623933303562393837616430633334663730316136313233313236373536
33343665363662653862623939636562663862646366663137663362363163346463363362623462
33356532313233386265333938356239653864316265303137633831643334306130323339346436
31373765366238316136303731373233366537643031653833373934636630346538376438343935
64353132333866666161
