$ANSIBLE_VAULT;1.1;AES256
39303164323162613735353836646230373936313439313930353434326537656535636666666633
3564613739396563636434383932386237303365323233610a353964633638383730636264323135
37323763303133666433643638353166326166383139393834336164656535656361353064386334
3839633564623761350a373166663662653865333838666238333033666337373565393764626263
32653631303463323062633664633636383738633236303466623834623930636230656631386264
39333437356265396537333562633364643938393532636366326163343534396135306433336232
64386433383135366334366630383266393635396532386664373864303232623864393536663162
65373063666266366335356438636533353864306231313065326336303739613336643836333461
34623233626635356334353833346231313134336430653235333834633736303766396233613864
64313765393037356135386162343935613931646264313231616332623131623533643436383132
32653361363231323237616663383838626266333465353765303538323637343531616231616530
66646139363365353537663066333833623461343336633261616630613566643165313066373362
66393166343938396163363936343136636563336662613566363765333565613262333334396339
62323536363930326636646236303764346365386530316135643138373065626237386134616632
37363061323964313164653166636130353034363336386330303139353163356164626162356439
39303166653539653862386330383634323739393262353461313539333833386333613237386364
35393338323063653836346461323837383032636433323130626437306361653931373334613766
30623962653039346337323636356463353166323361613239663631343235346330643935643237
65613432333162353432343665326563343265363431343937663563363866653062663163316266
32343434393537626431356664633662376364306236646561333166646163333066636562393631
63336432316364653866306438303461343134343130353336666530343134393939633137376135
30653166336637613632333732373834386466316334393135336335333939386163353235333262
34323038663630316164393230313863663139653734383864326433373830626430353165613033
31666135356235666439666535383266333238633034366634366164666439313839356364633130
37366136373238626332643163373564666538396563326337386662363637363666353466633331
32656337376339316437376363393130636130643464393133383534616264326566306634636530
65393831346332613838356137653861353833653031323362653038386337373839623566656435
38636137396430616664616137343663383231623665663561393638343930663433613361356238
61633563613839353563383532376632366331653666633430393035313461643866653162313164
63363464636138653962643762363331393037623431396164643466616566363362636164616136
34366438373235616434323730623732306437613563383839653935653434646435363331616163
35646230633031303364633830666464386238316437353665633131303563343331306132383935
36636163663732323532663763386630336338303038396561666639393138303365383135623732
31353837626433396533313662316638616231613139653966663233323464613362356230666663
62306236333063383231373136643533346666363865303733626132366230303136303532663730
66616437393961386633373363393764353734393237303166323834636534623236396435363563
61353862343036353434623235303431323439373033623666613131326431613435653434643066
65623461383537636630346634356535636639633037653038613534613137396430333231363730
33613135643535663262373563633536386135336239353134346431393230393666613738323364
34613031373033393162363531313965353236303466616335653662663961316464343632623139
30393737653037366163303438343061633338383238383935373034383363636561343033633961
66646232343561646138383636393033306631666466383331333631343564643930333939613734
35636139346166313634366462393932336164643637643533336465373531646264353664613466
32633366306432343839383163626635646563303535396232303539353536383434393661663631
34316662626438363935313534666662386335333439333736623132333732656366336163363031
63313839333865336664303633623735666637376339323339633530333163653635663262313932
66353166366434373234376265303465663238303163666236323232613863303230313866663937
65633966313964333462356662663435376632656138316661363762323630386164303663653563
35363439396639333035633463646563396663393436393033393432616138656132393431333431
63326264646631336639393766323530306337626366616133373635643434373265333465366364
61356237323738313933386137396333353736376531346464303139613165323665303830343564
32386366336463646165643866643862323466383036386131636438326633386162666131393131
32653938626136666466383836353330353037343233366432363161316134653136303931343063
31373563666461616239623261313735646262316630333934326262636233663431646236313133
61363034666535643264653065353362663338376363363737613863613135323661623864656335
66656635363736363366303662633432653435333138313037633665663462376566643737663931
34656435623165393732303135653632303761343634306465333064656638373137383833373039
36663332613932323035626463363130646533646161373333393433633965656332653630326333
31346462653635373730616134323938323730613338666339636565363763373763626535613832
32633538633839333939303262353531376536386538666562313266643563343936633937666230
31653632633961316336663663656537383963316339623165643032333166336232616663613435
35653064366465616333653535396265323834626436633866663436306539666533633161313962
63633536323466343265366164316530663465306663326263303237373635363031393762656665
65656363353331623761393633383462386266303431376165643136336234633437393731653464
61616436653961386633363831376338393537316530386635373465376534343639643732643064
63353236633037336435366639376164373662323530383936373466313634366332306161353834
36373938313737643831353233623035663937396264646233616462376437656166653065316531
38323061636538613937393066353638613933663238323365323033313830326338306435623766
61366132373862633233396538666439646431376437396533393139336230303530646265373964
36386337353936336461646339656638353534333839663730346361353137613334323264663835
30623334393139383065653165353234646332386461343339323031613261323361346435626230
63646563366130663534626531643231376437373331666536376337353537383365636631376663
37386361383666663062613163656335656231366164373963386239343262663130663763363236
30336465356162306136346435646538373030343934376466313238336261353935616565323864
38623936663266653261303830396436356563363064303632633663393131346135663565313535
34386231393737393061393730663438643264366166333266646561303762353463616636333735
61623738333038613965343030663734656530623239306662383339393332353761663733383666
61643739623833333366383466626236343638643366353362653835363561383063396435313338
36616137343632356336616632323931613261386436376265306435616537643865356130316162
62323535343464303763636661316132646133363261356537333134613261656534366630313831
30663437613030636662633534383738313964313636393631373335633730343563336633653531
63343163333564386335643331663531653939656466313239393461323165376237343333333265
35343762393865666530383831383636353462346639333465353363353964313337396431643130
66396364346361333864343939316461343139356265303765353066653163626164663364313264
31346532333630383833313237653833383838303463656432623834353437613339623031373838
34653065663337386261613135366133373337663837633732613933623332313064663232376230
36386664656339393433626130386535663533313662393632363735313236316335383737343434
63343030653964353732616238323765663039663432346337616432343234636634373563643731
65663733623164366535356166356634326637633665653563376235323534613834343831333361
36363433373232366133373132386664636464316236393563666362646630363331656262643064
65383464313030333037646465346437626561333163656365386134343531666163366231366536
64616130356465323331633237646532363965646231353664323964383538366461613461333235
31623162333163363161376334383933623339663930353133326133323431646363383864633930
63306435303936666463373866356134653738333231613463383638333963653836303466613865
33663732613631663238313464303134633839653434396366353765666262663963653431663235
33366436623130393431626238363766383631323831666564303961633931366462376562306263
36326362323735303338386234346236646136336663306165386239666639353236376432376334
35656538656638373439316462636165393563666632323933346137346436356333663164646632
35396166376265363639303735356434623234366166636166373165333232666566616239306364
36363164623766376635626637646139303835346164373431653561346135356339353139616163
39303037303931303331333864636331643232326666646337616265333435643365366336626663
65303761383336646532373863666663326637376139613333306230343137323533393430653462
64393437393666663633353665346330356362613337623535343030643934303163643336646637
65653362306132616633666237353962373531376435313762373237383635623263613165646432
30386234323036306335336538656131613766393131333766333538356364666339326637633564
65663232393437336363343734646333656238313162643761326231373362333164316636643161
65373965376135313462626362343637343066323562656436386466623165313835326537653638
32383939383836656638313233626566303762666162363434316532393137653731306566663533
65326664656162303537323533613237646239356333303163366561383038323537326139623161
37663032623833636131363235373238653639616662383733616466363530373936643136613935
34343361623461666638306636663031666534336137323665623338326665323631333563333062
33323238373830386462636230616362623734653931646633643637633539623234396536626365
30303037383634363031343862316532386431386338313239306462336632306630386166383339
30306339323338393139616632373764346665643138623633393065616364633962386439636636
34636237643939663666343635623464353761623461353637666232323737333635363663383639
36343964353064323231393330386337623537383835376465633636616437613062336164386136
39343535306436646131366565393663363337633930396638363563636661353062613033323064
39356161636131303936613038346464323430636464393266373365333231326231373635656330
36656463373765373034333735336562383332656563663365343963663930353434616461383438
63653434306135393766623566616164376437646164313033343439636165306561396136343032
32623638343464356138303965636432366563633430393939366664646265396463623638333766
63343737336533313665393637393762343334613232643434323561346464653032646231353965
38613761633962643230393164313039343238386165313036623862663639623765323763383162
36653838643637346433643933343466386664336233626135333032633931316361316438613533
30323538656163633361376165363430623036343861616538326138643133636638366261363764
33353530353664633437396334373162393436666664643265386234326238653265383636313833
30646466386135643734636139316135643965666533633763623130316265396364396436333562
32646138363530376236613163656630616462663066663131303639616664616430313433313064
32393864396538353861646363386230303264396530626639623966643537386361333931646137
30326663393132326633653338353836623361393862383764333237613235613137626231623331
34353231643036656530646561616536396338376564663263613431343061636330396632336266
32353432313833313935316230353962306664636263336132306437393535353038643933663333
64393464646234363537666265306362306239363765363864663434396337333037633532353730
31353862643061303066313132656461343938303137366231656464663065303236306561616365
30396235656636343436663736653833303265333865326338363535396464366132633061633937
34343334356664323261333466306238663261653861316233373664666334643432616666653861
39353134373037353136383062393331356235333461363433366533313261646463363839663263
64353435383935653931316664626235383139656264353961323031363463313236383331373335
37633537616632323131386264306138376135656537643863336561383466633763393364323161
63376666326136666538373833633731353165666338653333303737323962623161613239386634
37323965323364636266363534336235663136626236653537353337663138363964643732363136
35323038633435333639623530636635666466623330663064383131623261326237373930626662
39333562363838353663303261643630653564623562383965376238303562663630636164346539
66626165306133396537613062303532326133646466313131363133306138623039653662636234
38386436343963393038353830636137396631306438336365316537663836393034333637663838
65376161386337646666646136323661623834383561303534313135646338386463643330663766
36363230323739343034666339633338373339353939316264613266313630363063313866666130
37373638326531623839653564623465366262616332346438656331393761623235366563373138
32316666386163396435363632396131363165386461616330313561653839333637353861343839
39363234313034306130633834616133633433313062373937323936653662663166303631306239
37396530663564613134326339613337616237643233616137353838313264373566626135326334
61393139663061643862663332393738346634393837623437306638356130353739656164353339
38323162313763363736363536313238386430633833396238343464333361616436663166363030
39636436343730656435306263363332373333393238306433323232376632636666316336623938
63663533343264336361333064333635383165383935353733386636636136613562366463376265
64646464656338393939396163306634626566656662653561356266356263623837346137316466
61383536306538396530646561386136323539396634663738326362356461383332333261643033
62363139333136653134313839646436623539373030386437393663376135333833626330633166
36663135386638653530303361333965633936666266353639353233633137636132323630353330
34363230353438653562643066326636623139316334646266353830373737613339623133643763
63373533353937363763343438643635316339663131393265646237376163303230336466643062
38623634653738626666316334373339333161656436343962393763653933663730376530326661
62313266333861356563383334323462616231323836623838393565323235323462363036643661
33393461393330333465663138393730343238393631663330323332393462333031383961303062
66663339313864393938613163353733303032643164663162303364383963623333616161643137
6166613833366461653363646334313966633965636531656330
