$ANSIBLE_VAULT;1.1;AES256
37636339646238383439353165333565616161363232313434346630346464376239626533383736
3930363965666435373837326536396630336364343736630a303065373339303766623465343562
33396430373338346437643633663436353362386235613563346561393037646261383332326634
3333666139663039350a313834613233326133313062383161356632376435663961313939383331
30323065666635613031626336613438343731353861336236643839313964323134313463346662
36633761333563316337616561313761306464323366383264343034626162363966383931393566
34626234383134646463386237316437323035396638356531363265376331613737366539613430
63323964336336306231623065626631343366393366363634663034396432613438626234653163
64616337626164616536626237316530666564633837373464313366316662613535396138666230
39613764353063386339326361303834353036633030336439643036633231363937303934333832
39373835323434333739336138366662303061303464356435346663663563633431333935663032
61363533336561663835383863306234386666363961613736646632383131343563393435656632
36306435353935363463613533343939393561363162326334653139363232363035633935653238
36666337313233316531393764373864613533623930366138386333366430636464383838303563
65626262663862646430303962303863333162643331323535353864613338653833353739303962
64323531363238313435643236313865363163333163363532383134626466656436336464343232
39636136303439646630663262353837653933316464623431393930336335326337386263613537
38313335653934393965656138656632363038313433316334643935313936616166393133393139
31316434333930303464343463386532326532623038363761356161626231353261643561613764
64623765373335353531643032386336313232353461363137396136343335393964623932373565
33643766386466353039333662666137373734343536373362356665303265356165643864303232
62656234643266616337356130646364396537383364383734323732353732356636663262386335
34373562396539333732643830393062616636346639623437633837333361326534353837653638
31373636363431336566316662323132373265353065643633376261346436336232616361303638
32383364633434353837343435646265626232633836386331373635393338613838373838313733
64663361643066313061303139396634396536386566613462373566306636303530383237303032
37313363656263313234653063356331623363636165643862623338633131383465616536396636
35396137623938336332303739363034613232396139396663643164333766366230663034366432
64643335393663396461613765646638386138613033346238653331346130363439616639396334
62653838333164346635613934633838353135613165663436333338636633376539306532353031
64313230313566363461376435306239313038386238636464363136303762323262383432373931
33313963616337306438636638383232613864643837616435653731316666643863613263326635
61666433303337303263333461336635356531616666396165373334393936646664616564663735
30616465623831386139616362643164333137643761636464376664386230316234323732386630
63656365393665313335623633323961613764613236363961376136666438613662343730623133
66653130336665313438616333303235346432643239336137643764633539343934643863666431
33663165336132363264646233616666333137303465336539396466343838623038653336373335
39353134393938653735653337663964343065666638653363323065393463643733306663376439
34663366613437396465366138373234336562623932333932373536623139313639646665613033
63333337656635616466363765376232613137636630633865393363363238393637393530396166
33646431373339616136623436363431626366323838643433323637313833393133616463306635
65383230613065613362346632386431383065366431653438636338663237336233643736653362
63376639366630636564343166303333366136666566633734373164346639646438626462303034
35316163663936313734623431306463393837396364393339663530316236636466323232323939
33666166666464626434616237393130656231366264313863613866386563363834323839646661
35383464393361333233623139646365346532333031653831653263623834363965386230663633
34633834636235376334363638356565373232306361623464656561643330393764343737626333
62323330303036313963386535353336313766343163636635356635316134373836346637383934
38323435343330336437613633666163333335393531336335393035653662623335656134613131
64323765643931316463653131323333633834376164663562373831316431363064653734663031
31633662623262323530373039373239393262356435373761316536633335316136643466623262
35366239366432326135643332343766363463666262336532306333646233613539623439616263
34313930636262356462313863656531633535333561303764346464303333336339613439613234
39393733626438623039666238343462623038666235353737346666333036383136333935333731
39386362393161336633316435376466326430356432366464626265323864313866373762363537
61316262626363303636386231396435306664643061393265363036613365663261623538356238
34656135356432323934363530383932343230323264653037376330373634346461343332323837
35326131613939653466616634633261363365663930306237383030623333323965626433353537
34633961363538326361633235323764363137313263623066643037613164333161396635663237
38636334656664386130333439353166383733653365636561343066383931313730356464326534
33313230666362313436303863346535613665646361343833626537626563383562653938323666
34633961633133356466616337613862646336393762376636646437333538316265363663653937
63383063653961656230616133393636346663323834643636393437643333396538626565343038
38386337356362316265623135343566356365643763393363323466353431323465643234646365
64303536653030623135643765376362613539633965613066353165636132663964383465623363
37613133656563373833386531346430613263303239613863376236626339643939313838656230
30633763333439323231353137363362646638303566343266336161616236613961663134383731
65313865343532643363623736376464613436303964336565643264623634613038363937663633
32306138363539653534326238303663393266323362363361303539613562366162303034666436
34356366623761373133396236383035616561653838376531303439353763336634626232643337
66653236373631383730656463363164323939316266363430346238316636613061656532393064
64373236313739343639383062366466353636306430363865323338363035343439663637643163
36366565393364393234623066623262366435303537386236346631623531616533393365373232
35383135363665373337626637373131353562313963353538323030356236613339316134323832
38326362316535616536383362343264353938363538316534313334323235646437623933653330
35646132323063626136393064316463343363613963393531363966616339303465346366323762
33383730643032613863613832346637323234303434633661393837393366663563646634393439
34663531353139383934653431663639363062366634333162666133396532383262323465313730
61616531373130343862663566636635326363643437303862666334663930366166373139313039
63343839666139316261303436383538366665326534383862356362356632316262333730666332
63323037353032623231643832313439376335333032643135363538623939353934633837613766
39373766636236666466626265396465613532326130346331323566316330376363356439663137
32316263663761313238383035666435623464663631356533393832313435313037623631353337
39643733316161333736623936626133306430656262613162313064666361383463313765616231
37346438313461353164346632373932323038353134643164326334323365356430663332623934
38363236343766333432306532343131366261393234373137353236316138656630643435393665
65313036623532343564373034313031383337343431323964616366633139613266306461366331
64376532393065373663316439663930616334366433313334313833353061376638336665386236
62303237333737636263303834373537623261333366353531343637666266313633333030396537
32613565323336363565353132306530626535313232396666663737306232326264326236646530
34396533653661326332313638386535663136623438626236343461643230363139306439336363
34336239666436636133306439383262333838346530353530373635646537333939623434376338
35663064316561613531616262363862346536643731336261346432663036303765333964653835
66646464343131376530306134343866323963346361326663623037346566306638663962326362
64303733323038336563303634346465393765323033326438326263386431393937646562306432
64643531356564646436363933623334333930666232376634653734393230646331663933666661
37346230336235666537393535356337323762313666643234353761346439323464303861323661
39623162653638323066653138623637346137643138303233653939366335303032663330613337
31393962353933666331323836386364323237653639326263376135323232326630353237396462
32313036336363383561653733363162623338653236636335316334376331656265663433633932
66333361353836376662613339363563616334616434333533363563356333643564613839636435
63373134306663306662343637653565383330643735356336643736666532623035336535353866
31316638363066643032306263393266373535393232303330383163386663383865666333343833
36393635613135616131306338386233306536623464623635633034353030323633663366323532
63393363373636336637333631393963366437626333333861363662646463353864343737613665
30336138613438376434313561303266363862663861633662653735303966363865626530353961
36346234653966323335656466663664336431326162666337323132623438346230363661653564
37653839333137323062643832353163653933613566343264363435663039626437366138613264
64313032613561643434633736633365373231643462666330393238616539636266636436353735
37356533346361316364353730346436626563643732613165636565316536613530386535356337
63616336663033376264396166393937333965393463363362306436356634633161633062633135
39333734663263373435653430313634333164346130326130383532356233303066313136306333
63303539393835653239313765623865373266386236623235656161373636643135636334643934
61373336373664316263393962383730363136323938333533306438333035306563633162356164
61373337643963623932363434323562336539333964353066616662666466393438653064393265
64383861373034383766626565643439623463326533373034316435616235646138646461343263
32313837643339323463613635383134383239613366386436623765383534333039303733323736
32653161656339383766633937613730333831396437616334636134353961383831306264623164
38346361313832393837316265643561653966643464313661323136656637316563313130616365
34306437653330343239633937393230303361383433303938343433343434343637613233616536
31623633303832633530643231396235653936643830333563333161346337613236643430366236
39343138623365623030366135373861366139653832666531353133643361616232366563613339
37656639623535303531663437363139333064353533373135353866623334343163616332393331
62623963326661613261386438633262663130393935396266306363393034623735353764623238
34613038313466376630633066633363306434623135623965323739383232386564633639316234
66656235613664633430366239393461616161636165346632333539616263333133393466313238
37356233663033636534353231613235653239323038323638366363663934306563356266353664
66343639363835383839616261353434633831613166663831326234383331636638383632613763
36383132653237653763643530396139613762616637613233343937353863373963656133396439
35303865356162373633663562376539633236393066666566346263373132646533656639343364
63363462393265626535303530326138376633383862343035303735373265303233383335326564
33636130623966663164643930643962623962346461343237343433306335366231626237666262
37373866336665623666613032376236396238326132303932613935613937386331356136623139
61333737353334616165613366393034626662356139626362323562366238363665613263323633
61656362633664303865326334623661663764326464613931646231386435306238363361326562
36363636383834356163623433633830333864303335633364316430643265623633636565383061
61393935663736616439373135646465616564636666326636656432326561393834653465316463
38666330323935636563363838313865346531653336373938643335383732343930643835326438
64613934326635303336626530386634373032613133663535333464323136623661343438643037
38636562323063396161353939356266326534346333623663663436353932316566313735643131
38663663373936613434383364366539623363633661663738633935396538623962646465373535
66383861353766366234313838343966656531653737656634643164333662333938663530653865
31666365613332393338663938313439323064333830623238646632653136656265386464336135
36353835343833386363623534313334346633396338333036323830653263663034333230643262
62623366626337616365626136396236656661386437366539366465333361633365383532663866
38653438663265623231666538373630303361303339333336353731383637383463663763636166
37616366396164633764653530643038333336306332316666623964366562646266316265353066
30633862356632613733366537626232623538383530636465633765376562393866633330613639
37326130313231363436336265306363363466346439616433613135343933626161616132363130
61376562316165376630343563303665663361616434613264353135336164646239393830303735
61333932363064306637353964393763333865636662383365633864666133366266393765653334
63613436306230653664663631353461653133653734376633653937656137396432623464323537
38656563353839393963333637663235646238326665373033303733333834626362333834663161
35303439613665616435666263343162316537653235326131323637393132346134613530366339
62643232616464316261303230393635636661336530313862643335633562636437623532383337
37353261396636343263623462373737353237363966666237343563316562373162633937356533
61343138383962393265353830643534376135353463373662646137386363643338373838353730
30393038616163663866396331613464343932386537663364623662373737333366303632306431
61363063303635653932626231626266343936396466626265333538333236373837613335653830
66373835633635646361306331343661653965613634316434636264363662366635626239303736
61366266313830333461343432336434343530323037346135373136336138623835376534626564
66653730653866363934336639656138303066336231316639316136616332383163316666633938
63616430306535623435313137383834373234386264373738616131383834336461303836633139
64653336313765663065
