$ANSIBLE_VAULT;1.1;AES256
33396530373763653634316231313562636565613539633066383233646233393362353230366631
6661666366316564346161326361393537326261386462320a633466633465663031623263323865
64643461616636303062306535356665393839366338326237303039373132353662663032336430
6365636661343534300a386134653432393265303365326134323732613331383031623763363566
37623437653339663664613561373037646635396161386534393730613135363136623033393033
37313266313062373830376139376161653962623464393532353961653833643265383531393061
39393963613830366264363932623761643234346232313931373862373131646463623630643736
34396130396630333331613539386563303131653364303462366434376166363566313938366637
63353866303733323363633366613265636263396437633165396439373230323433316266363736
64303766653263356565343665393832363236643266653533623637666435343037353034366532
32333961366234323932613334643365653766656564656639656361656331616432333333373237
35333031313363336239313439643831353033353931353238353734346662353130393165306165
30623735376437633063656439366234353433396638383163386238653237616337613231353133
66396236333939363036313837623762326261323065313137333561316531306533393637613030
33313831333264353530636261353232636365333536373736383764613339616662303464393130
37313832316337626663303164306331663732643538383964643161363364643761623462356335
65343562663463313136656332343930313439646137616139393564646439383838636437363539
62353932363538383136383334316435313632396634346232313436323533346638333765366233
63663537663438323630646630343561633963363234643937323233323166646136656436666339
33356439383066313139366431623764663139363437613962393238616530323633663436653262
36616231313961336131633764333738373037303338653764336633346636623366373566626566
37616537666636386664383862333936363836353238663733393138643837643834643765313930
66363639336534616135663637633232663763616330353736653036666335653365326632323462
30613864386462653239323663663161373863326564653630386462336238633939343461623839
32333138323761326261353863383339313161393665653266353661323831353766616330313864
33623430663436626331313466653361363233663064653237323931663632356134613733646132
66323438326234613839653130353632643937353530323333616364376539313231363938656563
32313831646162633330373437653535386530656239306263316437663064663737626539616230
31343162303439373835633562643739386633633663303962656164356534663936383139313034
32626630346433636566643263643839626539643266626339303865643236356562653366303033
39353762353935613062663232393566303437663661356537316564623666376361373061653363
64303134666232626166383761373839643431643334333765613536653237313264623361323461
63306534623830316138386631313861383762643933343864333237646431653062626230386536
33613166366266386237643133626163373630663235306463333561393235303664663737653234
34346265333162633865653031386331623935333166303231656131656334646361393134323036
36666637623632346536623664613137373863663665613661613261643934323865313036653434
33363239646235393830623838376539303737663534346461356439643763393632653332333931
37383030653430343065396634616437633435356466373062663766333534343439353133356136
38653764623136366261333363393062386531366563396566383566323835346638363236376534
37643161366132373037613462376265383035646430366538393639616464363935363035646562
32313364333562343364623736626230646133373637656439393839353738333932383065656631
31333030373366356632366663346538613334626434653939386563363364376434646432393937
31656263663962393066633131333464643464343265646435383066306132666436306430313062
65343737663337336261616361613438366330383066663735646338636137373836396532393539
66643063303931396333333664373062353161626633613230353436623462336561613839613835
62383737323230336662336138343763623564656564376466303062393738393136643737376166
61323439303636386136623363376331323434363933353863646232323838663430343532303032
66623438663663353630336162396332346531383837386535363165653264636363396139656536
63326265366461666561306531336462353564366333633434303735363838656535363566366139
38326138303130643134356361343633643963326538643635373066303530643833393338376331
66396164383061656138343036333464323335343135646537613333343438633438336430306635
66663066646162336464346134663338623337313732373730373437626264316234353237663939
61623239646434633435613764376334373436373330656461373230386434616633646530393066
36333536306435376139613466623133383966383231336665336165373466616237643938663566
32326231343362393730666463356333366334633338376365633263636135626134616264653961
32663532376565636637366136626365656465383966373437363836666133356161393439386662
63313736326132353130323562346366613035356638313337363437336461663734653763343761
66343434323262326230343830633461386436373238613466373365633239353631363231396438
38343464646330656137393263343033393730663135396539343233636431623332623961623438
65643039336333313630653139323432363537306532643936616634343666396630346339376265
34373565346663316330326666306433613337356564663961653265373332656465613439363537
34633433363938336235626662333839356461613765666231396465626465386364323733376230
36376139343632393332396564633337346436666166386630393435343839336336646530643130
32303264333132383236373033393535666534363731326634336130333865386133336338636161
30366635653334656438363733623039353135656666326664663862333530646338346437636562
37626532336166393261636634336531343866396233353161643065343263343039363538653836
30663061656663383962383339653739353033316136356363663463616632666434353661633230
36396263373136393061613733666530383238613234363331343765393863303063316236386430
32653137633364323364363939626562623335386636316331323466353837393533316638366234
38626337656264656161636538363462356237336330363036643764633935393730663839616638
32393164353835643033343831323166363935333539376637636366636538333632323334663161
34336566313939643731633034643235613439633430343030366335376532623333666664323764
39333831653564643361323833613361303138376133666466366134373831656233666134383436
63656363363834386339383633626438366537393266646365386131623532343166616266373035
37366166633136363831353235386365623633376139396366646136373164323139313736323433
30333164646336306433646661353637646364353862333232666538306362646461306637306436
65633166343666356564393665303065656233353336356331663332336163306664366530366130
61396638653934313438663462306335656234343065306437663931363638306537616261613536
61653764356663323237663832636434316436366466313132633162663333393031383336336664
31646464303063306665353831363633656564626231353163393339623964623634396237336436
64346636663532303434336234663739363835356363343364343730616264353535353261633065
31363261626633336630343963363765613230356361326363623333663166643738376233353238
66363933386331346362363066373435663836633863623633313465333936316339393934656563
34373338316461353265626639613432393532333162376265646232376333623139343135323834
38323565346535366365313361336331666462393533633662323432373963623235303434636531
34356565636161363930323638663137326438323035333535626633313663336635613037663239
63373934323365336330383330313664613362666439373662386532663733373535386435333362
34326531383238316637396165316232613739333138383636303634363439393232373237306436
62636131613038653335393234616632323661323335623337643666346663643336656634613232
39613261633835643432346432653131653635653866366239313239333132393564396336363966
34326437613631306364643733653165633465633666363936653936663034656162343133363564
38303234613730613834343832336236346639363234326365333863336534353465303037653631
34656665383134323064653736356564316464643937653266376261613234666163373064333563
35643966643236323564613235633966326631323533343663323162343762346637663661646232
61393066663962373961396332653833623064663035666565393663616134383430383237353438
62633233376334373836313163646630363263643962653763613133623737633334663734333963
64636661353363373337333436623563656233643933333733663031666238643835343331313564
33356635643039356466366564373666636264633336356336663861373864656162303261373831
63323531316364396337363562363939633234656434343434626235326436303163396661323031
31363163666536323464653564353136306638633661353736656663623735336530306564306138
35343538383730623461633466346566326663313065383265386431393639353239303937653433
32373666373166353033313963333065663933363834643963356531613262363565613533376132
35313366353634623166366437373935306365656161343838623039303465353364393837646337
65303962353335383034313438336430303837326637306235393735366331376535656161643861
62393462323961373131653935306437306232633031383366323065336336363231323163366630
61653938646334313162646437346364646165386235623032386634633238373361303035613362
39656164663764316231646530303230383739353264316230353035653036643566383333356131
62623664646138626163363034363837626630656563613865366535303139383736396362326261
61366634656366636366386533386634326563626233366435383534353931323135373134333239
61646633333962383866666237396131303638386439626563346531323933633839346639303063
39623834333265373532343962356664353463353439616435333563393334336335626662613965
39343536646564646533373764623239373061313432383334383135386637323064333666336663
33613334623033376538663931363566663730366337633965353634646165356136316435383665
64366435653033656634643362343162363463393137383965343138633232653966653237313130
31326333633437623439383931666635616436623063323061333037316466303265623764303964
64623263336537336466653062383935623233313833313436316363303461366166323839366230
37653838393461313932356465336335623931356635633931343139663761666334656336376238
35666365343231333031643634623935316531613162333539363836643262383562353536353463
62633238336537366130396263363333626437663238616466643136656230303530313634326664
38393364363135633661323431323266363038656364393262663833663738663639343866323337
36303061666639313061303265633963303836323165396563386364313539646231356637326231
62636532336335613331613861643831646635306266386264663866633435623261626563366130
39313436366234336261356366363062663037356631366664326261313064626136643766313463
39653661393535363962643461316534303166666438376665623533613165663533333739626365
38316138643838643939376130353436323339333231666339356632323561616535383036633238
62643633353032303933666630386336306466613662353562636337636430303664363366313433
65633661653631383433336236613230646666313730326462313062353839373839633136346639
31623364643830303436366437393131626230323439373963316439666339383663356666306332
30623630383965326164663862383233366530666466643366663561363631373637396662316164
36393031663164316163386431363166643930396564636261323432303036653662356234333764
65353932626662353238333536646132616262396337343565303638316565393337306234306439
32613539376365323062643062333766313036363666363164663666393866396234343635623563
65653432323531373235373130363463616637333063363439396639313130653633616361363530
39353961633031343666666232386365643039393664383061663662333532663432323862396366
66306465613761323739386366303863363733346463303734376638316338653264363665306265
36346339356333313932303930653935306465616534663832663533323938353532333963316334
65616633613834636238656235656332363633663835346439613636323133646232323463613338
61363034393331643838306630666238396362353131616235333266613139396461653834643566
37663036316630373863663866323337653737323433366437643839326331326233663034393166
31353535386430376338316438326130666665323036613034653339656165663534343966313839
39636431333439346464396234353766643063353862626239343862616235316537316235343538
39396135666234363864373166346332303661323362393361313363643732616664653262653534
64636162613062336639653364376137323032646164343537326465643933313464626562373734
39316666613932326232623065363534323237353766336339653832623038356566363363616137
62666234373139613564393439666162303263326530613439633535666331646639653339326332
32336539663261653233613464333232613739373033656536663865623630336161323737306465
64343539316334636335643737326138653632626361663962306431346465333634336232393638
63353464393763376662363166363838386261323637643532656165616533646361333634643832
37383035633336643961633462653035613639303438626231393431353938363130323764313365
30376365646232336432303436373031616635343331646362316262633436633165373938303261
32633262353536376631326363663730653238346663633531373835663237366662616665376638
61643039623236613461653730333532643165363364633531356562643131303664633663383365
63383336303433613064373932653461353139313938643436373730313931643064356161326532
39323133646637383963663863643563373437643132396532636262666232356230393430333539
64336234646235363831323034663534653066623639353432643764386438383164323662656535
62616132323263663763656430326532326637343139613666366439383463633437623539346466
65613932363331346536666663663132393735613865643832353938633235663063386233333936
32313266653038336236306166646633613438323630376237353934373638303165313364653765
63303931363266373365616531623139666635363063313135333538626562616364643364303237
63623863366137656433653234623634663431353362343566363661343665633264616234666263
65393830656466663861343633646535333139396431636635373462376263383238383361633234
65386163636135613763646339363735623462356564316330303739613337633034646432663536
39336130623737376165333065313434646234393632343532313462663434316437613638336534
37326335373436393466386166353235353066353639323537636465343963653963383138663566
35366661633131613862373265383236623332376430356163626238343362336164323133313466
3534343138346362356262346536336634356633613832363066
